000011 875.40 223.35 23.19 16.49
000011 640.93 148.88 4.22 90.68
000011 781.63 182.83 18.83 20.31
000011 725.26 96.01 9.75 39.24
000011 458.40 201.47 17.51 21.84
000011 641.44 147.75 4.73 80.80
000011 712.94 53.42 9.08 42.10
000011 305.87 282.14 34.13 11.21
000011 643.31 38.37 3.12 122.58
000011 200.09 150.47 18.26 20.94
000011 217.48 152.87 19.06 20.07
000011 723.29 144.46 9.00 42.49
000011 635.15 24.16 2.44 156.45
000011 636.13 24.32 3.42 111.67
000011 724.91 146.14 10.62 36.02
000011 627.43 142.82 3.02 126.46
000011 832.21 34.76 21.20 18.04
000011 751.43 42.24 9.81 39.00
000011 169.12 192.14 6.11 62.56
000011 177.05 190.37 6.34 60.28
000011 812.94 64.80 19.09 20.04
000011 555.49 59.57 5.67 67.42
000011 626.88 143.08 2.47 154.72
000011 645.90 55.52 4.39 87.10
000011 641.28 76.90 3.11 122.92
000011 745.84 43.37 10.04 38.10
000011 819.84 51.04 19.31 19.81
000011 844.76 213.39 22.86 16.73
000011 236.77 305.02 41.82 9.14
000011 905.70 67.24 28.02 13.65
000011 611.98 89.20 3.18 120.13
000011 740.68 98.16 9.69 39.48
000011 611.07 205.36 15.47 24.72
000011 832.43 45.12 21.18 18.06
000011 262.08 283.15 37.20 10.28
000011 1002.08 16.57 36.58 10.46
000011 592.12 185.82 16.02 23.87
000011 658.59 51.52 5.32 71.92
000011 822.99 62.26 20.54 18.62
000011 591.45 187.02 15.36 24.91
000011 832.34 54.81 21.05 18.17
000011 735.30 131.50 10.74 35.59
000011 716.40 141.37 9.15 41.80
000011 612.27 205.25 15.43 24.78
000011 614.09 66.49 2.04 187.11
000011 822.85 62.00 19.80 19.32
000011 614.82 67.72 2.06 185.36
000011 763.87 241.04 24.13 15.85
000011 794.05 32.88 17.16 22.29
000011 668.57 250.95 30.32 12.62
000011 914.66 53.01 28.09 13.62
000011 892.82 247.51 23.65 16.17
000011 897.06 89.33 27.77 13.77
000011 853.98 51.57 22.33 17.13
000011 660.24 226.51 31.88 12.00
000011 748.90 41.94 10.28 37.20
000011 846.17 34.04 22.12 17.29
000011 843.23 55.39 21.84 17.51
000011 726.21 48.15 9.49 40.30
000011 806.93 59.96 18.76 20.39
000011 629.18 54.45 3.14 121.83
000011 547.39 24.66 5.32 71.84
000011 773.11 242.22 24.22 15.79
000011 384.83 289.53 33.97 11.26
000011 828.23 40.57 21.00 18.21
000011 792.66 236.90 24.18 15.82
000011 827.76 62.85 20.89 18.31
000011 664.15 229.65 31.06 12.31
000011 545.25 24.81 5.17 73.95
000011 753.87 39.12 10.10 37.85
000011 802.70 69.98 18.52 20.65
000011 832.86 198.00 22.79 16.78
000011 286.95 275.46 39.05 9.79
000011 899.41 235.90 26.38 14.49
000011 426.23 143.42 14.65 26.10
000011 680.68 81.95 6.73 56.83
000011 843.67 54.75 22.28 17.16
000011 801.99 67.35 18.24 20.97
000011 940.63 170.83 27.80 13.76
000011 627.96 71.43 2.90 131.96
000011 317.83 227.66 30.39 12.59
000011 86.32 157.28 15.94 23.99
000011 821.16 189.88 20.95 18.26
000011 732.86 130.90 8.30 46.05
000011 425.53 143.36 13.96 27.40
000011 919.39 71.05 27.62 13.85
000011 764.25 285.18 35.97 10.63
000011 741.03 53.96 9.95 38.45
000011 335.19 259.94 31.90 11.99
000011 897.52 226.58 27.56 13.88
000011 668.15 45.11 5.73 66.70
000011 935.04 247.65 27.68 13.81
000011 839.72 22.18 21.61 17.70
000011 432.52 20.66 8.89 43.04
000011 429.62 21.71 8.28 46.22
000011 834.74 205.93 23.78 16.08
000011 857.28 56.21 21.74 17.59
000011 518.90 224.15 16.81 22.75
000011 819.25 66.57 19.05 20.07
000011 399.39 260.36 31.67 12.08
000011 486.59 209.81 14.78 25.88
000011 807.72 71.59 19.15 19.97
000011 755.83 57.04 10.45 36.58
000011 477.63 252.02 25.30 15.11
000011 789.28 26.89 17.25 22.17
000011 334.30 258.60 29.43 13.00
000011 305.27 251.38 32.62 11.73
000011 723.78 133.69 10.09 37.92
000011 722.10 67.14 9.21 41.52
000011 282.78 286.97 35.20 10.87
000011 303.76 291.72 37.40 10.22
000011 650.23 121.82 4.33 88.40
000011 645.61 132.21 4.41 86.80
000011 716.03 38.00 10.20 37.49
000011 604.77 209.78 15.58 24.54
000011 220.50 296.11 39.43 9.70
000011 649.17 86.68 4.07 94.03
000011 918.63 202.05 29.89 12.80
000011 827.95 154.71 26.20 14.60
000011 621.89 62.84 2.05 186.70
000011 651.19 101.09 4.13 92.60
000011 744.60 91.98 10.04 38.11
000011 895.05 32.96 28.78 13.29
000011 810.81 53.00 19.17 19.95
000011 741.95 136.61 10.27 37.23
000011 810.57 96.62 17.86 21.41
000011 208.81 147.70 18.34 20.85
000011 832.24 190.11 21.82 17.53
000011 899.34 161.33 24.71 15.48
000011 684.02 29.41 6.12 62.47
000011 212.18 353.81 59.29 6.45
000011 349.11 297.87 41.73 9.16
000011 724.83 57.82 9.53 40.11
000011 714.89 37.73 9.06 42.20
000011 45.80 173.56 16.89 22.64
000011 656.95 108.80 4.54 84.24
000011 224.42 308.44 42.39 9.02
000011 319.39 140.86 22.81 16.77
000011 789.40 198.73 18.53 20.64
000011 881.71 248.38 29.03 13.17
000011 798.96 239.09 24.54 15.58
000011 253.74 324.14 48.79 7.84
000011 819.92 35.66 19.40 19.72
000011 743.19 65.77 10.27 37.23
000011 845.29 236.88 24.66 15.51
000011 447.96 223.13 17.52 21.83
000011 920.59 240.43 27.61 13.85
000011 730.61 59.53 9.92 38.54
000011 448.66 223.73 18.22 20.99
000011 566.61 128.91 5.59 68.44
000011 841.04 341.11 52.34 7.31
000011 87.78 339.77 57.49 6.65
000011 660.88 61.22 5.09 75.13
000011 963.29 252.92 32.70 11.70
000011 845.01 16.45 22.02 17.37
000011 912.13 77.59 27.81 13.75
000011 443.27 235.89 19.59 19.52
000011 435.14 233.42 20.07 19.06
000011 294.43 286.05 35.63 10.73
000011 766.65 232.73 23.82 16.06
000011 844.65 237.08 24.02 15.92
000011 1006.22 221.63 35.44 10.79
000011 914.26 78.30 28.07 13.62
000011 874.51 190.93 23.43 16.32
000011 611.21 196.65 16.13 23.72
000011 224.22 312.20 42.56 8.99
000011 330.50 226.18 31.00 12.34
000011 392.90 148.84 16.00 23.90
000011 960.52 276.56 35.76 10.70
000011 224.01 316.25 42.77 8.94
000011 280.64 311.49 45.22 8.46
000011 478.97 255.70 25.59 14.94
000011 873.93 246.63 25.09 15.24
000011 280.16 311.01 44.74 8.55
000011 973.42 346.49 59.19 6.46
000011 477.83 255.72 25.20 15.18
000011 726.24 60.89 9.23 41.41
000011 665.31 104.46 4.58 83.50
000012 1179.66 152.14 33.08 11.62
000012 740.19 19.23 11.74 32.75
000012 941.44 176.45 17.01 22.60
000012 662.38 16.92 0.94 407.87
000012 645.71 55.51 2.75 139.54
000012 645.90 54.94 2.94 130.56
000012 890.53 117.59 15.26 25.18
000012 663.63 45.38 0.98 393.92
000012 1046.88 54.29 26.46 14.52
000012 1107.70 143.57 28.86 13.32
000012 890.40 129.81 13.30 28.90
000012 941.30 165.40 16.79 22.90
000012 899.06 178.21 13.39 28.71
000012 896.53 161.19 13.27 28.97
000012 970.02 171.08 22.64 16.98
000012 947.66 159.37 17.19 22.35
000012 896.57 172.88 13.14 29.26
000012 1004.25 82.07 21.17 18.16
000012 548.93 15.62 5.27 72.98
000012 770.76 117.94 2.48 155.28
000012 1107.68 143.62 28.85 13.33
000012 1050.44 66.45 27.08 14.19
000012 625.59 55.76 3.92 98.12
000012 915.07 166.49 4.13 93.13
000012 965.80 251.70 38.44 10.00
000012 933.76 151.44 16.66 23.08
000012 980.91 117.43 19.56 19.65
000012 1126.36 243.78 33.49 11.48
000012 927.91 166.78 16.97 22.65
000012 718.14 72.11 1.22 316.09
000012 934.15 170.91 16.86 22.80
000012 689.72 56.41 1.51 254.57
000012 642.85 42.88 1.69 227.44
000012 1108.59 131.20 28.80 13.34
000012 929.83 24.44 16.09 23.89
000012 866.83 65.25 10.97 35.03
000012 1126.16 244.08 33.77 11.38
000012 749.44 111.34 1.93 199.31
000012 988.97 265.77 38.95 9.87
000012 934.04 160.21 17.27 22.26
000012 907.73 38.61 14.20 27.07
000012 696.65 69.21 2.61 146.99
000012 857.24 114.24 10.11 38.01
000012 899.55 142.38 13.92 27.62
000012 639.05 164.56 4.85 79.32
000012 641.62 164.67 5.78 66.47
000012 1007.45 270.59 40.16 9.57
000012 934.21 155.67 17.23 22.31
000012 987.06 85.16 23.66 16.25
000012 838.04 26.70 8.40 45.74
000012 650.44 238.31 21.31 18.04
000012 930.53 136.17 16.27 23.62
000012 1011.98 26.87 21.48 17.90
000012 1108.21 118.21 28.95 13.28
000012 1102.02 126.09 28.59 13.45
000012 550.77 40.05 5.82 66.08
000012 1066.41 37.95 26.04 14.76
000012 550.56 40.62 5.54 69.34
000012 670.97 34.61 0.84 459.64
000012 987.74 155.41 19.84 19.37
000012 1012.29 269.09 40.30 9.54
000012 985.27 84.82 21.87 17.58
000012 793.93 87.76 4.31 89.19
000012 657.01 47.02 1.04 368.13
000012 654.04 38.74 1.19 321.66
000012 734.41 88.35 0.36 1081.50
000012 856.15 197.79 20.09 19.13
000012 686.86 225.05 17.51 21.95
000012 640.20 165.02 5.99 64.12
000012 1108.51 117.29 28.81 13.34
000012 948.13 150.95 17.88 21.50
000012 866.42 78.16 10.66 36.04
000012 890.81 166.99 12.78 30.07
000012 988.64 185.79 20.36 18.88
000012 994.59 64.16 20.73 18.54
000012 947.90 149.57 17.65 21.78
000012 1004.23 111.15 20.94 18.35
000012 908.69 153.86 14.67 26.20
000012 798.61 66.84 4.80 80.09
000012 1060.79 234.73 28.05 13.70
000012 673.43 64.31 1.38 279.06
000012 774.91 221.07 20.50 18.75
000012 1046.94 86.85 26.26 14.64
000012 993.19 65.92 20.50 18.75
000012 843.70 70.29 9.52 40.39
000012 1163.48 165.74 32.45 11.85
000012 772.40 221.26 17.98 21.37
000012 814.85 50.20 7.15 53.75
000012 831.33 78.57 8.33 46.14
000012 918.71 181.72 15.04 25.55
000012 822.73 85.36 7.76 49.55
000012 847.07 13.95 9.48 40.54
000012 706.40 76.09 2.25 170.61
000012 1004.30 242.01 39.98 9.61
000012 684.96 75.65 2.40 160.23
000012 862.59 46.13 10.35 37.15
000012 1022.01 92.46 27.05 14.21
000012 998.25 182.56 20.79 18.49
000012 1015.27 93.56 26.92 14.28
000012 1124.41 221.34 34.22 11.23
000012 722.74 95.11 3.61 106.54
000012 1094.80 236.18 30.54 12.59
000012 1163.04 175.61 33.22 11.57
000012 887.88 100.89 12.70 30.26
000012 974.94 131.49 19.27 19.95
000012 838.28 15.84 9.21 41.76
000012 1164.50 164.54 33.46 11.49
000012 861.82 58.14 10.99 34.96
000012 685.03 76.87 2.46 156.15
000012 706.80 76.30 2.65 144.86
000012 812.74 48.09 7.49 51.31
000012 1001.16 150.72 20.02 19.20
000012 864.25 50.16 10.63 36.16
000012 649.83 51.27 0.84 459.88
000012 1070.76 243.82 28.76 13.36
000012 999.63 181.17 21.19 18.14
000012 668.33 20.41 0.94 407.45
000012 725.24 247.12 18.08 21.26
000012 992.28 70.17 20.58 18.68
000012 794.04 41.00 4.92 78.08
000012 676.38 90.78 4.34 88.52
000012 959.94 262.52 37.32 10.30
000012 958.89 271.87 36.24 10.61
000012 739.48 246.66 32.32 11.89
000012 999.48 190.15 20.68 18.59
000012 1055.91 90.26 28.34 13.57
000012 991.30 253.45 39.86 9.64
000012 1042.88 211.82 27.48 13.99
000012 828.72 134.11 10.55 36.42
000012 800.98 82.16 5.42 70.93
000012 814.92 242.60 24.79 15.51
000012 994.12 244.73 39.41 9.75
000012 907.57 180.25 14.58 26.36
000012 954.43 248.19 36.96 10.40
000012 940.78 265.24 34.24 11.23
000012 697.90 79.08 2.73 140.89
000012 873.13 110.41 11.53 33.35
000012 1157.73 252.98 33.63 11.43
000012 1155.87 254.70 35.02 10.98
000012 822.66 97.59 7.69 49.97
000012 699.94 88.79 3.28 117.36
000012 1071.02 35.43 26.39 14.57
000012 1164.92 254.47 32.26 11.91
000012 1158.40 252.58 34.30 11.21
000012 968.31 235.23 38.87 9.89
000012 966.99 260.52 38.28 10.04
000012 909.55 176.14 14.49 26.52
000012 801.57 195.38 22.48 17.10
000012 1004.94 260.54 40.39 9.52
000012 1162.73 150.33 32.33 11.89
000012 564.02 46.30 5.35 71.89
000012 834.61 103.96 12.53 30.69
000012 874.64 103.94 11.56 33.26
000012 813.17 75.82 6.75 56.94
000012 1075.94 250.75 29.73 12.93
000012 837.74 243.56 26.19 14.67
000012 1135.06 254.61 33.58 11.45
000012 794.74 230.60 22.48 17.10
000012 1137.10 113.39 30.72 12.51
000012 982.33 237.12 39.87 9.64
000012 864.66 108.38 11.07 34.72
000012 1137.52 161.27 30.72 12.51
000012 804.40 192.82 22.36 17.19
000012 891.53 142.29 13.03 29.50
000012 616.01 49.43 4.13 93.13
000012 818.94 163.32 23.56 16.31
000012 756.91 213.31 18.89 20.34
000012 971.09 233.01 40.47 9.50
000012 848.56 98.45 9.30 41.33
000012 975.79 253.88 39.41 9.75
000012 793.89 230.26 21.63 17.77
000012 998.21 284.39 39.90 9.63
000012 758.47 216.38 18.13 21.20
000012 1019.39 219.99 23.95 16.05
000012 1085.13 243.22 28.87 13.31
000012 1145.39 160.28 31.88 12.06
000012 593.92 130.41 4.45 86.39
000012 630.07 166.15 6.10 63.06
000012 883.07 50.64 12.88 29.84
000012 616.85 183.86 5.97 64.42
000012 1063.78 258.92 31.03 12.39
000012 865.15 34.53 10.59 36.31
000012 1148.54 163.38 32.02 12.00
000012 650.34 127.99 4.66 82.40
000012 1125.89 95.48 32.24 11.92
000012 890.36 237.18 22.04 17.44
000012 1016.20 250.89 30.20 12.73
000012 610.74 51.62 4.05 94.99
000012 538.87 145.90 9.36 41.06
000012 792.10 54.35 3.24 118.65
000012 835.19 70.98 9.24 41.60
000012 1075.70 250.59 29.49 13.04
000012 921.79 250.80 27.55 13.95
000012 1080.89 23.02 27.18 14.14
000012 821.99 34.63 8.23 46.72
000012 593.93 130.89 4.46 86.23
000012 905.83 266.33 31.72 12.12
000012 1002.15 255.99 39.23 9.80
000012 562.34 171.20 5.74 66.95
000012 839.21 94.58 8.73 44.04
000012 793.94 51.20 5.09 75.57
000012 900.74 52.37 13.85 27.74
000012 868.15 244.02 29.33 13.10
000012 849.09 98.94 9.67 39.76
000012 1009.67 222.37 23.76 16.17
000012 848.60 34.45 9.50 40.46
000012 1011.54 225.91 22.86 16.81
000012 832.13 107.73 8.67 44.33
000012 742.84 175.77 12.25 31.37
000012 661.87 169.69 5.17 74.31
000012 576.58 131.40 4.59 83.80
000012 1049.83 233.01 27.54 13.96
000012 808.43 189.44 22.93 16.76
000012 1133.74 105.03 28.64 13.42
000012 863.08 245.09 24.27 15.84
000012 1121.73 75.09 34.91 11.01
000012 1188.85 131.47 33.98 11.31
000012 1009.09 204.81 21.57 17.82
000012 678.24 180.17 4.39 87.63
000012 1155.54 142.20 31.93 12.04
000012 1196.85 201.14 34.68 11.08
000012 1120.31 132.97 28.96 13.27
000012 677.18 213.61 15.98 24.05
000012 1094.14 204.26 29.88 12.86
000012 677.36 213.88 16.17 23.77
000012 873.65 46.78 11.00 34.94
000012 755.77 121.32 1.24 310.10
000012 839.04 35.72 9.25 41.55
000012 1028.15 213.38 24.58 15.64
000012 1080.34 68.53 34.38 11.18
000012 908.90 245.37 26.14 14.71
000012 1002.91 201.49 21.74 17.68
000012 694.81 192.45 9.98 38.51
000012 576.59 131.15 4.60 83.64
000012 1074.58 72.96 28.62 13.43
000012 621.31 148.87 5.35 71.83
000012 854.14 67.94 10.04 38.28
000012 1032.92 120.93 6.21 61.87
000012 1111.85 254.80 32.33 11.89
000012 879.41 357.30 66.22 5.80
000012 1139.55 220.98 34.34 11.19
000012 864.66 257.33 28.45 13.51
000012 937.18 276.71 34.95 11.00
000012 867.58 21.24 10.71 35.88
000012 825.23 104.47 7.02 54.78
000012 1022.16 259.70 31.98 12.02
000012 1048.44 240.53 26.47 14.52
000012 826.14 75.10 7.47 51.46
000012 848.59 34.40 9.67 39.76
000012 879.04 355.27 65.85 5.84
000012 1053.56 210.39 27.30 14.08
000012 841.45 258.34 24.33 15.80
000012 1216.56 250.29 38.85 9.89
000012 1073.86 69.89 27.90 13.78
000012 678.60 137.81 1.52 252.54
000012 626.91 167.34 6.03 63.74
000012 838.80 241.27 24.88 15.45
000012 1065.74 347.02 59.53 6.46
000012 1075.50 234.93 28.86 13.32
000012 988.85 242.48 39.96 9.62
000012 781.83 233.66 21.86 17.58
000012 1043.17 289.84 42.54 9.04
000012 1187.04 129.13 34.26 11.22
000012 1055.40 246.80 27.85 13.80
000012 667.21 152.11 4.73 81.35
000012 1035.36 93.17 27.16 14.15
000012 1058.79 246.08 28.08 13.69
000012 738.26 305.39 44.67 8.61
000012 1066.90 286.30 39.78 9.66
000012 1066.87 286.27 39.75 9.67
000012 1084.63 140.44 28.36 13.55
000012 649.15 70.00 2.34 164.50
000012 1150.50 226.73 32.66 11.77
000012 956.46 138.95 18.50 20.78
000012 1050.09 118.71 23.38 16.44
000012 1160.91 311.83 50.03 7.68
000012 895.69 263.93 30.77 12.49
000012 763.35 77.16 3.07 125.02
000012 937.27 36.48 15.78 24.36
000012 689.38 191.72 4.55 84.50
000012 866.87 105.38 11.04 34.81
000012 695.83 213.02 16.13 23.84
000012 1093.90 252.34 29.96 12.83
000012 1015.27 119.84 21.27 18.07
000012 850.32 23.03 9.35 41.11
000012 929.40 288.98 35.63 10.79
000012 874.77 35.48 10.58 36.32
000012 777.85 183.48 18.92 20.32
000012 1124.67 133.86 29.25 13.14
000012 907.94 166.43 14.60 26.32
000012 756.26 266.98 34.79 11.05
000012 679.12 191.02 6.53 58.85
000012 1186.76 128.55 33.98 11.31
000012 1179.39 359.33 63.26 6.08
000012 696.06 213.10 16.36 23.50
000012 921.03 99.12 16.64 23.10
000012 1056.00 218.31 27.25 14.11
000012 1216.56 248.12 38.85 9.89
000012 645.45 173.83 6.08 63.22
000012 753.20 304.92 44.85 8.57
000012 823.38 134.10 11.82 32.53
000012 805.07 179.32 22.70 16.94
000012 1039.38 261.07 31.68 12.13
000012 692.64 215.58 15.65 24.56
000013 832.11 230.08 38.18 9.92
000013 815.41 247.88 38.21 9.91
000013 770.36 241.92 40.36 9.38
000013 674.47 167.10 44.32 8.55
000013 499.11 180.53 12.07 31.38
000013 353.52 139.53 11.32 33.45
000013 851.47 233.16 39.26 9.65
000013 774.91 28.61 9.14 41.43
000013 642.36 72.77 7.79 48.60
000013 809.03 225.82 38.13 9.93
000013 809.38 250.40 37.67 10.05
000013 691.29 228.52 44.13 8.58
000013 631.55 220.17 44.02 8.61
000013 488.04 181.01 12.26 30.90
000013 738.31 78.40 5.13 73.81
000013 668.27 296.46 44.22 8.57
000013 811.51 259.69 37.58 10.08
000013 849.44 269.09 39.34 9.63
000013 742.56 281.53 43.30 8.75
000013 670.28 53.55 7.64 49.56
000013 853.49 234.08 39.15 9.67
000013 689.67 248.08 44.06 8.60
000013 658.00 78.04 8.31 45.60
000013 728.12 246.89 44.55 8.50
000013 387.05 288.30 44.21 8.57
000013 115.56 144.86 418.68 0.90
000013 657.37 78.52 7.67 49.36
000013 512.76 179.02 11.93 31.74
000013 672.95 61.00 7.94 47.73
000013 511.07 178.82 11.90 31.83
000013 726.95 270.54 43.98 8.61
000013 832.65 262.15 38.66 9.80
000013 855.26 261.16 39.85 9.51
000013 677.95 42.96 7.48 50.62
000013 714.81 36.84 7.77 48.75
000013 968.45 134.54 16.39 23.11
000013 669.25 258.20 44.43 8.53
000013 599.24 235.68 43.20 8.77
000013 359.90 275.23 43.00 8.81
000013 855.69 259.31 39.43 9.61
000013 733.44 183.28 44.39 8.53
000013 546.08 176.94 11.84 31.99
000013 686.90 60.09 8.18 46.32
000013 722.16 228.57 44.48 8.52
000013 627.55 90.83 8.61 44.02
000013 731.71 270.45 43.53 8.70
000013 718.68 227.52 44.29 8.55
000013 715.78 59.10 7.60 49.83
000013 670.52 227.05 44.28 8.55
000013 766.77 13.63 9.07 41.77
000013 704.01 283.88 43.88 8.63
000013 712.34 40.89 7.89 48.03
000013 740.16 273.59 43.95 8.62
000013 734.33 229.64 43.93 8.62
000013 700.21 281.42 43.81 8.65
000013 668.19 83.03 7.01 54.05
000013 708.29 76.00 7.81 48.50
000013 717.25 266.88 43.31 8.75
000013 667.30 72.99 7.90 47.95
000013 693.26 35.04 7.52 50.37
000013 725.65 72.51 7.53 50.33
000013 852.10 245.77 39.39 9.62
000013 665.76 64.58 7.75 48.86
000013 732.11 289.52 44.11 8.59
000013 735.14 256.15 43.67 8.67
000013 735.41 225.71 43.09 8.79
000013 688.30 46.85 7.57 50.05
000013 731.56 156.96 44.46 8.52
000013 753.00 223.07 42.45 8.92
000013 673.18 67.88 7.69 49.28
000013 856.65 254.35 38.78 9.77
000013 403.57 276.80 44.75 8.46
000013 679.53 53.36 7.91 47.88
000013 471.59 198.19 24.09 15.72
000013 658.41 62.33 7.52 50.34
000013 273.18 270.22 46.41 8.16
000013 732.17 266.90 43.05 8.80
000013 734.83 198.32 44.30 8.55
000013 720.47 280.11 43.40 8.73
000013 644.96 246.39 43.17 8.77
000013 715.15 278.26 43.31 8.75
000013 783.81 33.90 9.06 41.83
000013 778.17 201.20 44.16 8.58
000013 756.41 255.11 43.77 8.65
000013 719.94 287.49 43.76 8.66
000013 856.96 253.80 39.10 9.69
000013 840.72 266.28 39.05 9.70
000013 839.50 235.72 38.91 9.73
000013 653.72 210.07 44.16 8.58
000013 652.87 208.46 43.31 8.75
000013 828.92 210.19 37.84 10.01
000013 654.43 87.48 7.09 53.44
000013 444.60 268.14 38.71 9.78
000013 744.95 269.12 43.96 8.62
000013 675.69 69.11 7.71 49.10
000013 622.05 168.39 37.90 9.99
000013 743.33 290.92 44.14 8.58
000013 812.34 336.63 54.81 6.91
000013 418.96 271.53 39.45 9.60
000013 799.20 240.07 37.95 9.98
000013 571.45 308.80 48.77 7.77
000013 846.86 242.65 39.41 9.61
000013 716.73 49.52 8.06 46.99
000013 315.13 163.76 17.59 21.54
000013 845.46 240.01 39.15 9.68
000013 659.72 98.28 12.84 29.49
000013 276.64 301.09 45.82 8.27
000013 641.69 290.94 42.34 8.95
000013 635.90 275.19 41.17 9.20
000013 626.27 287.70 43.36 8.74
000013 677.89 60.09 7.78 48.68
000013 737.21 171.79 44.06 8.60
000013 644.78 308.10 47.72 7.94
000013 852.91 222.25 38.69 9.79
000013 372.78 288.13 43.48 8.71
000013 629.95 271.76 41.61 9.10
000013 494.14 175.00 12.16 31.14
000013 307.73 298.79 45.05 8.41
000013 193.52 69.90 12.77 29.65
000013 480.94 311.78 50.12 7.56
000013 659.17 99.32 12.29 30.81
000013 733.99 212.82 43.94 8.62
000013 691.26 27.61 7.68 49.31
000013 696.62 55.44 7.49 50.59
000013 440.24 252.63 36.84 10.28
000013 699.22 39.38 7.42 51.07
000013 498.83 237.44 30.91 12.26
000013 403.15 247.20 40.96 9.25
000013 592.41 306.11 48.89 7.75
000013 269.06 325.07 62.34 6.08
000013 716.12 49.25 7.46 50.79
000013 623.98 269.10 42.22 8.97
000013 747.78 169.38 44.03 8.60
000013 665.69 286.02 44.75 8.46
000013 485.56 129.97 9.50 39.89
000013 442.21 244.78 40.91 9.26
000013 503.12 174.58 11.86 31.93
000013 581.87 317.79 51.04 7.42
000013 593.70 305.50 50.75 7.46
000013 594.33 305.32 51.38 7.37
000013 249.93 180.11 14.52 26.09
000013 744.70 172.36 44.21 8.57
000013 711.98 49.42 7.53 50.29
000013 512.08 137.36 9.87 38.37
000013 541.89 314.70 50.69 7.47
000013 1116.22 117.28 6.14 61.67
000013 677.24 157.01 44.21 8.57
000013 720.03 31.13 7.91 47.91
000013 714.94 65.39 8.20 46.22
000013 790.84 40.02 9.26 40.92
000013 787.62 36.75 9.37 40.40
000013 511.30 320.90 52.25 7.25
000013 192.95 66.49 13.35 28.37
000013 534.35 125.26 8.02 47.23
000013 351.78 286.71 43.81 8.65
000013 772.55 270.50 39.16 9.67
000013 633.21 307.28 48.36 7.83
000013 586.52 45.41 8.63 43.88
000013 563.68 138.61 8.08 46.88
000013 747.67 176.69 44.05 8.60
000013 704.08 261.58 41.95 9.03
000013 586.26 47.50 8.37 45.25
000013 842.21 224.14 39.33 9.63
000013 576.45 301.59 45.85 8.26
000013 793.44 274.36 40.89 9.26
000013 749.56 175.53 44.18 8.57
000013 617.60 315.15 51.28 7.39
000013 697.93 42.60 7.40 51.22
000013 670.44 268.79 44.45 8.52
000013 1145.23 70.76 11.66 32.48
000013 227.92 233.80 85.08 4.45
000013 1145.39 70.33 11.82 32.03
000013 486.72 156.26 9.06 41.81
000013 788.12 44.74 9.07 41.75
000013 753.52 77.76 1.68 225.01
000013 522.54 312.26 50.28 7.53
000013 738.32 236.28 44.22 8.57
000013 421.49 292.97 40.95 9.25
000013 499.34 168.75 12.32 30.75
000013 480.06 249.76 36.82 10.29
000013 814.87 342.87 58.00 6.53
000013 681.56 143.11 44.37 8.54
000013 725.40 300.70 46.10 8.22
000013 835.61 160.95 38.74 9.78
000013 451.57 281.56 41.53 9.12
000013 778.76 281.54 41.77 9.07
000013 792.40 34.90 8.92 42.48
000013 494.14 306.41 48.57 7.80
000013 588.57 351.13 59.40 6.38
000013 691.99 48.26 6.98 54.31
000013 584.75 205.45 18.77 20.18
000013 493.72 308.12 48.16 7.87
000013 597.99 302.78 44.24 8.56
000013 758.08 286.75 43.20 8.77
000013 413.31 285.15 43.02 8.81
000013 431.33 188.24 30.06 12.60
000013 826.94 267.07 38.16 9.93
000013 354.92 104.89 10.78 35.15
000013 648.11 175.17 44.18 8.57
000013 799.90 337.34 54.93 6.90
000013 723.40 305.96 45.61 8.30
000013 490.81 326.53 54.00 7.01
000013 681.86 301.15 45.56 8.31
000013 727.71 274.73 43.82 8.64
000013 1025.39 260.30 69.00 5.49
000013 581.74 42.76 9.08 41.70
000013 723.36 302.09 44.06 8.60
000013 253.57 127.21 10.55 35.91
000014 1162.86 320.63 65.52 5.78
000014 79.69 184.17 52.90 7.16
000014 1154.96 304.23 65.66 5.77
000014 666.68 240.24 24.58 15.41
000014 72.25 127.31 18.61 20.35
000014 802.49 346.24 58.32 6.50
000014 624.57 304.96 42.02 9.01
000014 1154.94 291.86 65.16 5.81
000014 694.12 345.42 54.27 6.98
000014 1160.62 300.93 64.83 5.84
000014 68.96 203.54 52.66 7.19
000014 112.88 319.12 49.85 7.60
000014 93.74 197.41 52.46 7.22
000014 124.82 313.59 48.38 7.83
000014 844.27 285.12 39.73 9.53
000014 867.27 51.23 36.38 10.41
000014 279.50 171.36 21.77 17.40
000014 1169.49 294.91 65.17 5.81
000014 743.81 332.31 53.39 7.10
000014 955.61 332.15 56.97 6.65
000014 689.06 187.91 11.98 31.62
000014 245.51 160.34 23.04 16.44
000014 873.20 40.41 36.48 10.38
000014 98.34 212.09 51.51 7.35
000014 343.95 171.27 21.18 17.89
000014 363.90 126.43 21.17 17.89
000014 373.81 195.20 20.01 18.93
000014 747.82 299.29 42.20 8.98
000014 696.64 309.56 46.12 8.21
000014 276.39 172.94 22.48 16.85
000014 127.50 101.77 16.12 23.50
000014 771.61 280.95 37.51 10.10
000014 873.08 253.00 31.86 11.89
000014 636.98 234.90 21.37 17.73
000014 963.34 265.63 37.10 10.21
000014 710.82 299.79 41.29 9.17
000014 722.10 285.87 41.74 9.07
000014 87.78 59.36 15.60 24.28
000014 679.97 244.50 24.99 15.15
000014 1148.92 296.44 65.47 5.79
000014 313.07 213.59 22.03 17.19
000014 656.68 303.66 42.29 8.96
000014 720.35 285.74 40.00 9.47
000014 681.63 247.08 24.62 15.39
000014 917.50 249.60 33.29 11.38
000014 95.94 96.38 16.83 22.51
000014 695.51 167.84 11.19 33.86
000014 730.30 253.25 27.60 13.72
000014 312.37 222.09 21.22 17.85
000014 694.35 166.94 10.03 37.77
000014 735.06 268.00 31.65 11.97
000014 880.34 290.42 41.35 9.16
000014 56.98 91.61 18.22 20.79
000014 85.83 260.86 52.48 7.22
000014 917.16 249.98 32.95 11.50
000014 381.55 130.46 21.11 17.94
000014 352.62 114.20 20.69 18.31
000014 679.36 331.04 53.04 7.14
000014 547.42 206.50 12.53 30.22
000014 385.01 224.09 19.50 19.42
000014 279.14 181.27 21.33 17.76
000014 430.93 29.68 21.78 17.39
000014 242.55 265.50 30.60 12.38
000014 611.64 40.74 8.19 46.25
000014 382.29 224.23 19.57 19.35
000014 687.35 300.55 40.78 9.29
000014 332.39 106.19 20.66 18.33
000014 711.79 352.43 57.73 6.56
000014 93.00 187.74 52.37 7.23
000014 184.42 290.44 38.17 9.92
000014 496.57 203.49 15.15 25.00
000014 1160.96 332.70 65.53 5.78
000014 437.13 160.64 17.01 22.27
000014 338.75 141.88 21.44 17.66
000014 350.00 165.41 21.05 17.99
000014 429.51 220.36 15.74 24.06
000014 1170.47 325.81 65.48 5.78
000014 547.30 206.44 12.62 30.03
000014 337.40 112.10 20.80 18.21
000014 72.91 85.89 18.51 20.46
000014 560.66 177.83 9.17 41.30
000014 43.80 121.70 18.42 20.56
000014 794.55 248.17 26.82 14.13
000014 39.97 106.97 18.42 20.56
000014 700.97 292.88 40.60 9.33
000014 106.60 324.65 50.32 7.53
000014 170.36 247.86 23.56 16.08
000014 291.25 148.38 22.73 16.66
000014 299.29 233.12 21.12 17.93
000014 683.84 338.14 54.38 6.97
000014 69.27 296.93 53.49 7.08
000014 954.96 262.24 36.75 10.31
000014 248.18 135.87 22.39 16.91
000014 689.69 165.73 12.10 31.30
000014 436.32 192.31 21.09 17.96
000014 386.56 54.65 21.47 17.64
000014 470.33 220.03 16.74 22.62
000014 280.95 27.76 23.56 16.08
000014 431.69 190.26 16.46 23.01
000014 78.78 70.53 15.75 24.05
000014 398.43 125.09 20.11 18.84
000014 52.92 109.88 18.04 20.99
000014 284.99 164.64 22.60 16.76
000014 729.20 320.26 49.67 7.63
000014 273.44 179.74 22.38 16.92
000014 175.83 265.91 30.62 12.37
000014 334.65 126.16 21.43 17.67
000014 860.35 292.17 42.84 8.84
000014 293.12 157.72 23.29 16.27
000014 754.69 331.51 51.68 7.33
000014 491.08 55.06 13.59 27.88
000014 611.25 33.45 7.67 49.36
000014 423.85 232.28 16.84 22.49
000014 701.47 320.72 48.22 7.86
000014 355.79 225.91 20.06 18.88
000014 495.31 34.52 13.84 27.37
000014 319.72 177.19 22.74 16.66
000014 677.87 20.91 8.40 45.07
000014 160.24 302.10 42.77 8.86
000014 235.75 193.13 18.47 20.50
000014 304.65 125.92 22.41 16.90
000014 382.70 219.32 19.97 18.97
000014 763.54 330.05 50.99 7.43
000014 715.92 266.72 31.35 12.08
000014 826.41 257.05 30.60 12.38
000014 334.67 166.10 21.44 17.66
000014 309.30 228.61 21.09 17.96
000014 161.00 305.24 44.12 8.59
000014 325.96 154.77 21.68 17.47
000014 901.61 248.72 32.89 11.52
000014 419.97 211.01 18.79 20.16
000014 398.40 127.60 19.66 19.27
000014 564.30 119.67 6.81 55.62
000014 642.72 88.70 8.17 46.34
000014 374.74 56.46 21.18 17.88
000014 54.31 98.18 18.10 20.93
000014 680.95 322.09 48.12 7.87
000014 719.02 249.52 25.51 14.85
000014 272.52 110.21 22.99 16.47
000014 564.97 119.85 7.47 50.70
000014 717.19 250.72 25.15 15.06
000014 581.02 162.31 13.25 28.59
000014 350.65 221.80 21.30 17.78
000014 336.78 165.24 20.69 18.31
000014 74.35 257.17 52.34 7.24
000014 622.11 113.83 8.45 44.83
000014 238.58 181.70 21.36 17.73
000014 701.13 318.34 48.53 7.81
000014 108.45 80.52 15.97 23.72
000014 62.55 110.10 17.38 21.79
000014 110.76 83.66 16.17 23.42
000014 390.75 130.07 20.42 18.55
000014 268.66 146.23 22.58 16.77
000014 498.45 190.37 11.34 33.39
000014 1175.55 315.04 65.03 5.82
000014 316.87 97.01 21.79 17.39
000014 315.95 95.10 20.87 18.15
000014 321.51 137.01 22.04 17.19
000014 708.78 247.33 25.78 14.69
000014 695.02 180.13 11.89 31.87
000014 211.66 114.43 22.86 16.57
000014 487.23 34.64 13.98 27.10
000014 1020.93 338.76 59.84 6.33
000014 334.26 114.12 21.89 17.30
000014 567.12 87.40 7.57 50.02
000014 324.45 191.29 22.04 17.19
000014 303.88 38.92 21.55 17.58
000014 216.55 264.03 29.69 12.76
000014 109.91 89.37 15.80 23.97
000014 612.37 103.05 8.43 44.93
000014 61.21 132.68 18.91 20.03
000014 626.33 297.36 39.60 9.57
000014 91.42 53.21 15.76 24.04
000014 333.37 159.16 21.65 17.50
000014 295.99 101.21 22.23 17.04
000014 263.16 134.42 21.86 17.33
000014 343.23 153.41 20.90 18.12
000014 217.09 263.40 28.91 13.10
000014 195.92 247.74 23.50 16.12
000014 298.09 112.44 21.97 17.24
000014 530.84 201.59 12.31 30.78
000014 959.23 90.33 34.08 11.11
000014 959.19 90.77 34.13 11.10
000014 43.68 111.43 18.14 20.89
000014 305.20 175.40 22.64 16.73
000014 323.62 176.25 22.63 16.74
000014 143.95 121.14 15.77 24.02
000014 619.69 66.34 8.18 46.33
000014 1173.26 309.63 65.74 5.76
000014 496.72 55.92 14.14 26.78
000014 483.12 58.59 13.26 28.58
000014 170.07 308.01 43.06 8.80
000014 889.29 253.28 31.47 12.04
000014 724.41 348.32 58.62 6.46
000014 649.33 62.48 8.26 45.86
000014 319.93 140.58 23.27 16.28
000014 646.06 229.96 20.34 18.62
000014 35.07 98.04 18.08 20.96
000014 689.62 175.43 12.25 30.93
000014 932.86 264.88 36.77 10.30
000014 927.99 243.06 32.80 11.55
000014 711.59 326.46 49.43 7.66
000014 691.58 239.07 23.00 16.47
000014 246.23 229.78 19.98 18.96
000014 619.34 50.96 8.20 46.19
000014 654.94 246.47 24.48 15.48
000014 1151.65 318.55 65.63 5.77
000014 361.83 135.42 20.96 18.07
000014 619.63 70.36 8.07 46.96
000014 725.12 315.32 48.56 7.80
000014 1151.72 318.18 65.70 5.77
000014 343.63 227.14 19.94 18.99
000014 620.62 51.11 8.39 45.14
000014 620.64 51.02 8.41 45.04
000014 634.07 123.19 8.04 47.14
000014 83.80 97.47 17.65 21.46
000014 308.50 76.81 21.72 17.44
000014 552.88 122.73 7.21 52.51
000014 55.16 51.06 16.45 23.03
000014 67.22 262.16 52.26 7.25
000014 715.76 331.04 49.64 7.63
000014 890.53 259.32 34.17 11.09
000014 533.87 159.90 7.81 48.52
000014 581.23 76.04 7.56 50.07
000014 307.42 150.71 22.99 16.48
000014 157.51 312.73 44.61 8.49
000014 295.44 16.09 22.63 16.73
000014 941.53 125.12 32.79 11.55
000014 647.43 105.13 8.28 45.74
000014 638.01 50.98 8.02 47.25
000014 53.78 41.21 16.26 23.30
000014 685.12 232.71 23.82 15.90
000014 684.27 233.79 22.98 16.49
000014 366.08 201.32 20.55 18.43
000014 664.83 348.83 56.75 6.67
000014 263.98 40.17 23.67 16.00
000014 91.17 85.07 16.45 23.02
000014 656.96 102.92 8.34 45.42
000014 652.90 65.06 8.73 43.40
000014 662.52 39.53 8.44 44.87
000014 594.61 54.36 8.15 46.48
000014 660.61 29.85 8.37 45.27
000014 170.52 309.57 43.51 8.71
000014 1150.80 240.54 64.32 5.89
000014 1175.74 307.94 65.28 5.80
000014 206.89 142.50 16.38 23.13
000014 941.15 257.13 34.85 10.87
000014 365.20 138.56 21.02 18.02
000014 923.72 344.57 59.84 6.33
000014 729.59 251.50 27.51 13.77
000014 927.27 256.20 35.06 10.81
000014 781.04 296.23 39.83 9.51
000014 748.46 299.89 42.82 8.85
000014 102.93 325.34 50.25 7.54
000014 187.40 246.04 23.43 16.16
000014 817.79 276.23 36.53 10.37
000014 287.90 235.07 21.73 17.43
000014 641.66 289.88 40.14 9.44
000014 958.47 86.34 34.11 11.11
000014 816.90 235.32 24.70 15.34
000014 388.71 201.66 20.00 18.94
000014 715.76 342.52 55.77 6.79
000014 939.77 244.82 32.66 11.60
000014 64.00 88.79 18.12 20.91
000014 92.87 272.47 52.72 7.19
000014 467.04 55.78 14.31 26.48
000014 526.72 79.00 11.99 31.59
000014 525.24 78.92 12.67 29.91
000014 648.54 13.48 8.16 46.42
000014 310.82 112.52 21.76 17.41
000014 398.48 118.15 19.44 19.48
000014 278.50 70.30 22.54 16.81
000014 576.93 21.96 7.19 52.67
000014 722.97 261.53 30.76 12.31
000014 409.07 209.68 17.54 21.59
000014 292.10 83.14 23.15 16.36
000014 310.67 161.94 22.76 16.64
000014 197.68 267.18 29.55 12.82
000014 801.15 279.69 37.87 10.00
000014 280.39 203.00 22.03 17.19
000014 97.11 116.22 18.64 20.32
000014 514.16 58.98 13.52 28.03
000014 30.52 46.95 18.13 20.89
000014 674.43 339.02 55.21 6.86
000014 642.61 37.99 8.27 45.81
000014 188.12 258.24 25.13 15.07
000014 865.45 284.12 41.16 9.20
000014 596.53 180.39 2.71 139.80
000014 595.84 27.46 6.31 60.06
000014 97.49 113.44 17.54 21.59
000014 310.51 159.07 21.94 17.26
000014 261.68 176.00 21.14 17.92
000014 290.81 89.48 22.82 16.60
000014 339.51 192.51 21.56 17.57
000014 185.36 213.80 12.62 30.03
000014 278.77 199.31 22.31 16.98
000014 378.87 158.24 18.65 20.31
000014 117.96 117.80 16.16 23.44
000014 486.78 209.64 16.40 23.09
000014 295.75 226.17 20.92 18.10
000014 353.34 183.98 21.21 17.86
000014 623.70 217.45 14.83 25.55
000014 525.37 138.91 10.00 37.87
000014 401.16 15.33 21.30 17.79
000014 1083.21 348.97 64.55 5.87
000014 606.69 20.54 7.37 51.38
000014 280.52 78.13 22.25 17.03
000014 364.44 128.26 20.52 18.46
000014 944.62 249.77 33.69 11.24
000014 673.51 89.29 7.38 51.31
000014 281.75 125.59 23.44 16.16
000014 103.13 107.05 17.09 22.17
000014 394.42 207.76 19.42 19.50
000014 97.45 118.37 17.70 21.40
000015 797.50 115.23 10.84 35.47
000015 563.18 140.84 21.74 17.68
000015 1007.51 76.09 35.63 10.79
000015 995.48 43.83 22.09 17.40
000015 1063.93 55.39 31.51 12.20
000015 794.84 147.83 9.89 38.87
000015 987.51 98.03 37.73 10.19
000015 644.77 168.61 1.79 214.92
000015 694.46 172.04 4.35 88.44
000015 763.30 47.16 4.71 81.55
000015 661.29 97.37 0.92 416.17
000015 1091.05 48.80 31.43 12.23
000015 178.72 61.18 37.86 10.15
000015 703.85 169.24 4.36 88.09
000015 760.59 121.99 7.65 50.24
000015 659.49 146.34 1.88 204.23
000015 425.24 201.07 26.80 14.34
000015 1130.51 40.60 35.52 10.82
000015 819.51 36.07 10.26 37.47
000015 778.50 44.95 5.49 70.02
000015 778.86 48.04 6.51 59.04
000015 695.32 140.75 1.61 238.09
000015 450.69 124.61 38.09 10.09
000015 665.63 153.07 2.59 148.41
000015 778.76 39.16 6.24 61.62
000015 699.24 136.79 5.54 69.44
000015 511.51 23.65 28.36 13.55
000015 669.96 102.92 2.82 136.48
000015 835.41 17.37 7.12 53.96
000015 684.72 183.31 5.29 72.65
000015 1085.09 63.34 31.85 12.07
000015 155.96 210.76 34.06 11.28
000015 760.55 147.41 6.50 59.10
000015 475.48 89.08 34.66 11.09
000015 612.40 45.51 7.24 53.12
000015 891.00 118.04 20.79 18.49
000015 89.75 84.39 33.65 11.42
000015 671.91 179.59 4.19 91.82
000015 763.19 72.53 6.27 61.28
000015 1084.01 63.92 30.77 12.49
000015 454.74 89.89 35.60 10.80
000015 170.03 89.37 38.85 9.89
000015 89.97 81.20 33.34 11.53
000015 833.35 140.03 12.80 30.04
000015 841.90 247.60 45.44 8.46
000015 1166.83 21.59 40.20 9.56
000015 953.74 92.16 38.08 10.09
000015 276.81 53.48 38.88 9.89
000015 1027.62 73.11 29.23 13.15
000015 710.18 95.09 4.52 85.06
000015 477.35 91.31 34.21 11.23
000015 178.01 65.56 38.19 10.07
000015 1075.14 33.44 29.89 12.86
000015 825.53 43.83 8.19 46.94
000015 656.65 157.94 3.67 104.66
000015 709.00 159.02 4.91 78.33
000015 718.54 81.85 4.87 78.90
000015 298.35 102.79 39.52 9.73
000015 646.25 128.38 2.43 158.46
000015 242.94 55.20 38.63 9.95
000015 247.65 51.08 38.50 9.98
000015 847.88 130.49 13.67 28.11
000015 673.56 132.80 3.59 106.93
000015 309.28 72.65 39.05 9.84
000015 796.26 58.92 10.41 36.91
000015 203.13 68.52 37.98 10.12
000015 131.88 93.96 33.59 11.44
000015 774.01 57.45 6.31 60.96
000015 200.53 37.44 38.36 10.02
000015 95.03 85.52 34.04 11.29
000015 270.81 58.21 38.83 9.90
000015 398.71 194.96 27.28 14.09
000015 1137.91 42.30 35.88 10.71
000015 489.54 100.55 31.19 12.32
000015 202.84 68.26 38.22 10.06
000015 687.42 125.94 2.83 135.92
000015 261.92 60.69 38.66 9.94
000015 407.74 229.11 27.25 14.11
000015 588.88 143.64 12.74 30.17
000015 159.21 66.07 37.39 10.28
000015 495.78 122.23 26.47 14.52
000015 279.18 59.90 38.89 9.88
000015 265.69 57.53 38.88 9.89
000015 783.81 132.63 9.40 40.87
000015 159.27 65.39 37.45 10.26
000015 476.78 52.22 35.02 10.98
000015 176.61 349.36 59.61 6.45
000015 276.91 81.05 39.16 9.81
000015 849.50 127.11 15.29 25.14
000015 786.79 126.54 9.82 39.12
000015 100.39 92.54 33.03 11.64
000015 254.50 46.00 38.78 9.91
000015 99.84 83.86 33.94 11.32
000015 752.38 210.49 20.11 19.12
000015 798.06 30.32 7.55 50.91
000015 495.26 123.73 25.96 14.81
000015 255.00 238.48 30.12 12.76
000015 715.61 164.34 5.01 76.80
000015 703.19 91.37 4.41 87.08
000015 529.95 83.05 25.74 14.93
000015 61.98 170.86 32.22 11.93
000015 466.87 83.89 34.54 11.13
000015 644.88 110.38 2.49 154.64
000015 440.67 122.55 39.67 9.69
000015 615.77 188.59 9.17 41.92
000015 193.96 43.27 38.09 10.09
000015 292.56 238.88 30.09 12.78
000015 784.42 138.89 8.25 46.58
000015 821.14 19.78 6.31 60.96
000015 151.15 233.82 34.57 11.12
000015 783.31 142.01 8.60 44.68
000015 158.17 68.75 38.29 10.04
000015 623.69 201.15 10.57 36.36
000015 704.76 106.17 4.46 86.10
000015 136.29 122.84 34.95 11.00
000015 418.49 204.73 27.25 14.10
000015 797.65 30.48 7.14 53.81
000015 469.92 45.23 35.25 10.90
000015 434.37 97.95 40.16 9.57
000015 285.66 230.06 29.17 13.18
000015 294.76 37.41 39.03 9.85
000015 665.36 90.64 2.06 186.53
000015 773.45 133.71 6.28 61.25
000015 190.24 45.39 38.18 10.07
000015 1052.69 73.71 26.44 14.54
000015 274.31 223.25 29.19 13.17
000015 824.11 138.58 12.14 31.67
000015 750.70 77.15 6.56 58.63
000015 688.11 334.50 49.54 7.76
000015 186.94 46.74 38.05 10.10
000015 286.07 42.61 39.01 9.85
000015 263.33 230.21 29.72 12.93
000015 79.22 59.83 33.22 11.57
000015 703.75 217.69 16.95 22.67
000015 214.99 68.93 37.92 10.14
000015 1065.63 127.18 36.06 10.66
000015 652.43 178.45 3.37 114.15
000015 523.97 119.42 25.38 15.15
000015 230.32 45.68 38.00 10.12
000015 128.72 350.96 61.11 6.29
000015 74.91 51.06 33.13 11.60
000015 1002.46 27.73 22.17 17.34
000015 208.60 42.13 37.39 10.28
000015 76.63 53.35 33.43 11.50
000015 509.45 35.46 27.60 13.93
000015 348.44 121.46 36.81 10.44
000015 829.47 251.56 45.83 8.39
000015 1125.09 51.94 36.20 10.62
000015 1114.14 37.27 34.96 11.00
000015 461.87 41.17 36.38 10.56
000015 217.38 91.52 38.09 10.09
000015 791.27 93.85 9.12 42.17
000015 229.15 99.29 39.63 9.70
000015 1033.99 122.57 34.97 10.99
000015 105.14 182.36 37.45 10.26
000015 708.74 225.57 16.94 22.69
000015 399.30 107.57 39.80 9.66
000015 1096.52 44.74 34.17 11.25
000015 731.44 112.41 5.44 70.65
000015 133.60 52.35 37.87 10.15
000015 141.16 239.91 33.04 11.63
000015 307.57 51.81 38.88 9.89
000015 54.21 156.70 32.41 11.86
000015 812.96 65.15 9.16 41.97
000015 534.18 56.14 23.79 16.16
000015 413.50 200.15 27.33 14.07
000015 953.35 107.98 38.21 10.06
000015 171.61 43.88 37.72 10.19
000015 286.57 82.60 39.11 9.83
000015 158.21 31.08 34.34 11.19
000015 719.96 206.96 18.07 21.27
000015 202.82 53.24 38.41 10.01
000015 699.98 95.98 4.69 82.03
000015 1200.97 46.98 25.11 15.31
000015 679.29 144.00 3.47 110.68
000015 247.07 85.31 38.70 9.93
000015 281.77 91.77 38.19 10.06
000015 178.97 100.06 37.94 10.13
000015 579.84 37.15 15.47 24.85
000015 47.12 91.29 30.50 12.60
000015 120.76 37.48 37.08 10.37
000015 722.55 145.49 6.62 58.04
000015 956.89 183.37 37.98 10.12
000015 415.15 241.79 27.49 13.98
000015 948.58 99.70 38.27 10.04
000015 408.32 245.71 27.85 13.80
000015 179.26 46.50 37.94 10.13
000015 220.95 38.27 38.23 10.05
000015 253.62 58.15 38.96 9.87
000015 212.37 45.24 38.47 9.99
000015 276.61 60.58 39.45 9.74
